612063160
531701286
2047333431
21662680
861660295
1652629529
1065638815
1085314359
1089711078
1229929729
1279500745
1007122448
1720241936
1161056745
283743945
2001037644
332324664
183252063
1589251961
455840817
1374004162
435443394
394746993
135189075
5320097673
1469698380
308262555
472688572
1655398769
1260924167
401334348
603248032
550365238
63350834
681544977
1809028797
875185554
738257416
893494761
550886203
5045396709
665689150
341766690
398091029
248603166
5565462415
1320035584
778153242
321455402
1277213730
6213570872
547856863
1195987836
2070891935
1078037043
94407807
5241853986
419030841
327544608
727747653
531155451
241357915
538445980
278383909
5870516547
264437486
215047576
977130969
622159322
916826154
5071930864
1600484283
352119151
1788160747
5253205356
711427284
446372292
928931275
963729062
648968734
897786262
1079799014
1843430356
313361327
426476412
1111824497
274204146
551799408
942057070
393476667
673054571
807578192
1019210726
958639568
875467667
263293977
358648422
1464131722
557913302
993635344
78428614
361310089
194962617
197971433
1169601612
583707810
5294012562
846613197
86215755
1641744892
952034437
944733960
5780902169
893734093
1945676811
1968058060
359361405
2115011712
1129932102
367565716
351205896
2065768634
457792437
5753382713
856266568
124483179
1125590610
911979674
842114002
191616903
468130720
116615942
183628176
5700022476
597182705
1391340914
771021636
196046134
5085225814
1160776083
369020467
365313526
325459109
463322603
1574151147
729373976
282313367
496452203
1459261230
1177848503
5401646299
1488954218
733818984
736623713
101059661
829281870
5328549708
1264816030
5088831868
1417968988
1067815841
142201777
238952077
1068063594
1265602336
1179709817
248598953
1666880716
442460410
987715062
850107772
471139469
1258902098
1104731058
1032453676
727078710
1144928521
700781689
195857654
1883973266
2081176880
366107546
5479364778
5201115409
536469151
5800678848
652058658
1703535406
5564437849
5981104429